Places365_00001390.png:36.381763
Places365_00001111.png:25.077364
Places365_00001188.png:22.759027
Places365_00000125.png:26.772936
Places365_00000543.png:24.85903
Places365_00001091.png:28.632298
Places365_00000296.png:19.84568
Places365_00001425.png:25.074305
Places365_00000475.png:33.18763
Places365_00000124.png:31.401648
Places365_00000452.png:32.140373
Places365_00000043.png:22.545187
Places365_00001096.png:22.914438
Places365_00000123.png:32.096104
Places365_00001100.png:29.198956
Places365_00000230.png:26.254028
Places365_00000219.png:28.79735
Places365_00000327.png:23.719942
Places365_00001207.png:25.844036
Places365_00001104.png:21.4049
Places365_00000365.png:29.652058
Places365_00001311.png:23.9307
Places365_00000476.png:35.63257
Places365_00000422.png:28.048388
Places365_00001147.png:27.84725
Places365_00000017.png:24.555132
Places365_00000642.png:25.986982
Places365_00000862.png:25.984455
Places365_00000209.png:25.962542
Places365_00000116.png:34.549538
Places365_00000030.png:26.20722
Places365_00000370.png:27.96264
Places365_00001397.png:26.341045
Places365_00000127.png:26.982607
Places365_00001406.png:24.312412
Places365_00000315.png:21.260702
Places365_00000073.png:28.596012
Places365_00000338.png:26.958332
Places365_00000059.png:25.2737
Places365_00001310.png:27.906054
Places365_00001220.png:29.811722
Places365_00001326.png:28.086407
Places365_00000117.png:34.58667
Places365_00000329.png:29.188425
Places365_00000227.png:27.062172
Places365_00000375.png:24.692041
Places365_00000433.png:24.54803
Places365_00000356.png:23.886753
Places365_00000320.png:24.22885
Places365_00000366.png:22.052917
Places365_00000410.png:23.260536
26.946310903511794
