Places365_00000020.png:0.98589224
Places365_00000008.png:0.9827745
Places365_00000002.png:0.98377347
Places365_00000011.png:0.97591233
Places365_00000013.png:0.99378496
Places365_00000014.png:0.9952564
Places365_00000006.png:0.9806108
Places365_00000018.png:0.9911218
Places365_00000017.png:0.9524026
Places365_00000004.png:0.9858103
Places365_00000015.png:0.9855917
Places365_00000005.png:0.9816453
Places365_00000007.png:0.98671216
Places365_00000001.png:0.9765056
Places365_00000010.png:0.98486304
Places365_00000012.png:0.9892657
Places365_00000019.png:0.96442413
Places365_00000009.png:0.9877267
Places365_00000016.png:0.9912584
Places365_00000003.png:0.97908944
0.9827210754156113
