Places365_00000475.png:0.9597054
Places365_00000452.png:0.9286098
Places365_00000043.png:0.8719551
Places365_00000123.png:0.93661934
Places365_00000230.png:0.8934088
Places365_00000327.png:0.91585565
Places365_00000017.png:0.9400911
Places365_00000116.png:0.96770054
Places365_00000370.png:0.9282713
Places365_00000127.png:0.9301688
Places365_00000315.png:0.880217
Places365_00000073.png:0.91927415
Places365_00000329.png:0.93252796
Places365_00000227.png:0.87097627
Places365_00000375.png:0.8613818
Places365_00000433.png:0.8964186
Places365_00000356.png:0.86986357
Places365_00000320.png:0.916627
Places365_00000366.png:0.92034054
Places365_00000410.png:0.863336
0.9101674348115921
