Places365_00000475.png:33.18763
Places365_00000452.png:32.140373
Places365_00000043.png:22.545187
Places365_00000123.png:32.096104
Places365_00000230.png:26.254028
Places365_00000327.png:23.719942
Places365_00000017.png:24.555132
Places365_00000116.png:34.549538
Places365_00000370.png:27.96264
Places365_00000127.png:26.982607
Places365_00000315.png:21.260702
Places365_00000073.png:28.596012
Places365_00000329.png:29.188425
Places365_00000227.png:27.062172
Places365_00000375.png:24.692041
Places365_00000433.png:24.54803
Places365_00000356.png:23.886753
Places365_00000320.png:24.22885
Places365_00000366.png:22.052917
Places365_00000410.png:23.260536
26.638481044769286
