Places365_00000020.png:30.956678
Places365_00000008.png:33.344933
Places365_00000002.png:36.436623
Places365_00000011.png:30.216696
Places365_00000013.png:37.958565
Places365_00000014.png:44.793247
Places365_00000006.png:29.232674
Places365_00000018.png:32.461483
Places365_00000017.png:27.122324
Places365_00000004.png:30.426647
Places365_00000015.png:33.378464
Places365_00000005.png:30.632448
Places365_00000007.png:34.51517
Places365_00000001.png:31.822348
Places365_00000010.png:29.815947
Places365_00000012.png:34.77244
Places365_00000019.png:29.694666
Places365_00000009.png:33.491272
Places365_00000016.png:38.73569
Places365_00000003.png:30.757975
33.0283145904541
