Places365_00000475.png:31.074286
Places365_00000452.png:31.21334
Places365_00000043.png:22.213043
Places365_00000123.png:30.689667
Places365_00000230.png:26.595884
Places365_00000327.png:23.257143
Places365_00000017.png:24.135033
Places365_00000116.png:32.820087
Places365_00000370.png:27.387989
Places365_00000127.png:26.73358
Places365_00000315.png:20.27419
Places365_00000073.png:23.260386
Places365_00000329.png:28.250345
Places365_00000227.png:27.156652
Places365_00000375.png:24.72264
Places365_00000433.png:26.209997
Places365_00000356.png:23.511627
Places365_00000320.png:24.473677
Places365_00000366.png:19.211664
Places365_00000410.png:22.603043
25.789713668823243
