Places365_00001390.png:0.9740899
Places365_00001111.png:0.8654101
Places365_00001188.png:0.8564469
Places365_00000125.png:0.92752695
Places365_00000543.png:0.9088947
Places365_00001091.png:0.9178228
Places365_00000296.png:0.8742509
Places365_00001425.png:0.9452803
Places365_00000475.png:0.9597054
Places365_00000124.png:0.91932565
Places365_00000452.png:0.9286098
Places365_00000043.png:0.8719551
Places365_00001096.png:0.90924335
Places365_00000123.png:0.93661934
Places365_00001100.png:0.9109679
Places365_00000230.png:0.8934088
Places365_00000219.png:0.94382834
Places365_00000327.png:0.91585565
Places365_00001207.png:0.8866585
Places365_00001104.png:0.867064
Places365_00000365.png:0.9100824
Places365_00001311.png:0.9076018
Places365_00000476.png:0.95761675
Places365_00000422.png:0.9155442
Places365_00001147.png:0.90994614
Places365_00000017.png:0.9400911
Places365_00000642.png:0.8700196
Places365_00000862.png:0.9102948
Places365_00000209.png:0.92085314
Places365_00000116.png:0.96770054
Places365_00000030.png:0.85740584
Places365_00000370.png:0.9282713
Places365_00001397.png:0.87361985
Places365_00000127.png:0.9301688
Places365_00001406.png:0.90308356
Places365_00000315.png:0.880217
Places365_00000073.png:0.91927415
Places365_00000338.png:0.915665
Places365_00000059.png:0.9247136
Places365_00001310.png:0.8963794
Places365_00001220.png:0.94639415
Places365_00001326.png:0.8751766
Places365_00000117.png:0.96615
Places365_00000329.png:0.93252796
Places365_00000227.png:0.87097627
Places365_00000375.png:0.8613818
Places365_00000433.png:0.8964186
Places365_00000356.png:0.86986357
Places365_00000320.png:0.916627
Places365_00000366.png:0.92034054
Places365_00000410.png:0.863336
0.9092295251640619
