Places365_00000475.png:0.95798033
Places365_00000452.png:0.92377114
Places365_00000043.png:0.8652298
Places365_00000123.png:0.9312038
Places365_00000230.png:0.89084905
Places365_00000327.png:0.90968937
Places365_00000017.png:0.9382181
Places365_00000116.png:0.9614474
Places365_00000370.png:0.93000126
Places365_00000127.png:0.92610973
Places365_00000315.png:0.872195
Places365_00000073.png:0.9081668
Places365_00000329.png:0.9291236
Places365_00000227.png:0.86826277
Places365_00000375.png:0.85753924
Places365_00000433.png:0.8994166
Places365_00000356.png:0.8676613
Places365_00000320.png:0.9167138
Places365_00000366.png:0.910306
Places365_00000410.png:0.8581802
0.9061032652854919
