Places365_00000475.png:0.95822877
Places365_00000452.png:0.92636436
Places365_00000043.png:0.8715367
Places365_00000123.png:0.93429786
Places365_00000230.png:0.89378196
Places365_00000327.png:0.9139125
Places365_00000017.png:0.9386997
Places365_00000116.png:0.9662139
Places365_00000370.png:0.93029445
Places365_00000127.png:0.9297471
Places365_00000315.png:0.8805899
Places365_00000073.png:0.9176515
Places365_00000329.png:0.93144995
Places365_00000227.png:0.8698137
Places365_00000375.png:0.86221725
Places365_00000433.png:0.8967274
Places365_00000356.png:0.8698268
Places365_00000320.png:0.91841775
Places365_00000366.png:0.9179945
Places365_00000410.png:0.8629768
0.909537136554718
