Places365_00000475.png:32.135822
Places365_00000452.png:31.784906
Places365_00000043.png:22.578411
Places365_00000123.png:31.829197
Places365_00000230.png:26.165136
Places365_00000327.png:23.66618
Places365_00000017.png:24.005632
Places365_00000116.png:34.39735
Places365_00000370.png:28.417185
Places365_00000127.png:27.000767
Places365_00000315.png:21.180748
Places365_00000073.png:28.03309
Places365_00000329.png:28.91526
Places365_00000227.png:26.909712
Places365_00000375.png:24.814142
Places365_00000433.png:24.993086
Places365_00000356.png:23.620295
Places365_00000320.png:24.320137
Places365_00000366.png:21.2292
Places365_00000410.png:22.97195
26.448410415649413
